%!PS-Adobe-3.0 EPSF-3.0
%%Creator: (MATLAB, The MathWorks, Inc. Version 25.2.0.2998904 R2025b. Operating System: Microsoft Windows 11 Home)
%%Title: ./g.eps
%%CreationDate: 2025-10-24T11:43:41
%%Pages: (atend)
%%BoundingBox:    0     0   495   331
%%LanguageLevel: 3
%%EndComments
/bd{bind def}bind def
/ld{load def}bd
/GR/grestore ld
/GS/gsave ld
/RM/rmoveto ld
/C/curveto ld
/t/show ld
/L/lineto ld
/RL/rlineto ld
/ML/setmiterlimit ld
/CT/concat ld
/f/fill ld
/N/newpath ld
/S/stroke ld
/CC/setcmykcolor ld
/A/ashow ld
/cp/closepath ld
/RC/setrgbcolor ld
/LJ/setlinejoin ld
/GC/setgray ld
/LW/setlinewidth ld
/LC/setlinecap ld
/LJ/setlinejoin ld
/SD/setdash ld
/M/moveto ld
/TX/translate ld
/R/rotate ld
/SC/scale ld

/CIRC {0 360 arc}bd
/F {exch findfont exch scalefont setfont}bd
/edef{ exch def } def
/scaleImg{ % width height outputDPI scaleImg
   /outputDPI edef
   /height edef
   /width edef
   /psDPI 72 def
   /sDPI psDPI outputDPI div def % DPI scale
   width sDPI mul % width * (psDPI / outputDPI)
   height sDPI mul
   scale
} def

% LineAttribute methods.linewidth linejoin linecap [dashpattern] dashOffset colorVal(s) <method>
/LAG {setgray setdash setlinecap setlinejoin setlinewidth} bd
/LAR {setrgbcolor setdash setlinecap setlinejoin setlinewidth} bd
/LAC {setcmykcolor setdash setlinecap setlinejoin setlinewidth} bd

% draw line impl
/DL { % VertexList NVerts StartPt DL
  N moveto { lineto } repeat stroke} def
% draw unfilled polyline impl
/DPL { % VertexList NVerts StartPt DPL
  N moveto { lineto } repeat closepath stroke} def
% draw filled polyline impl
/DPLF { % VertexList NVerts StartPt DPLF
  N moveto { lineto } repeat closepath fill } def
/DRL { % VertexList NVerts StartPt DRL
  N moveto { rlineto } repeat stroke} def
% draw unfilled polyline impl
/DRPL { % VertexList NVerts StartPt DRPL
  N moveto { rlineto } repeat closepath stroke} def
% draw filled polyline impl
/DRPLF { % VertexList NVerts StartPt DRPLF
  N moveto { rlineto } repeat closepath fill } def

%%Page: 1 1
%%PageBoundingBox:    0     0   495   331
%%BeginPageSetup
N
0 0 M
494.5 0 L
494.5 330.38 L
0 330.38 L
cp
clip
1.00 GC
0 330.38 494.5 330.38 494.5 0 3 0 0 DPLF
[   0.5 0 0  -0.5 0 330.375] CT
%%EndPageSetup
-102 -30.25 TX
1.00 LW
1081 54 1081 639 155 639 3 155 54 DPLF
/Helvetica 22 F
0.13 GC
GS
612.5 691 M
1 -1 scale
(x) t
GR
1.00 2 2 [] 0 0.13 LAG
1081 639 1 155 639 DL
1081 54 1 155 54 DL
155 629.74 1 155 639 DL
155 54 1 155 63.26 DL
247.6 629.74 1 247.6 639 DL
247.6 54 1 247.6 63.26 DL
340.2 629.74 1 340.2 639 DL
340.2 54 1 340.2 63.26 DL
432.8 629.74 1 432.8 639 DL
432.8 54 1 432.8 63.26 DL
525.4 629.74 1 525.4 639 DL
525.4 54 1 525.4 63.26 DL
618 629.74 1 618 639 DL
618 54 1 618 63.26 DL
710.6 629.74 1 710.6 639 DL
710.6 54 1 710.6 63.26 DL
803.2 629.74 1 803.2 639 DL
803.2 54 1 803.2 63.26 DL
895.8 629.74 1 895.8 639 DL
895.8 54 1 895.8 63.26 DL
988.4 629.74 1 988.4 639 DL
988.4 54 1 988.4 63.26 DL
1081 629.74 1 1081 639 DL
1081 54 1 1081 63.26 DL
/Helvetica 20 F
GS
140.5 666 M
1 -1 scale
(-10) t
GR
GS
238.6 666 M
1 -1 scale
(-8) t
GR
GS
331.2 666 M
1 -1 scale
(-6) t
GR
GS
423.8 666 M
1 -1 scale
(-4) t
GR
GS
516.4 666 M
1 -1 scale
(-2) t
GR
GS
612.5 666 M
1 -1 scale
(0) t
GR
GS
705.1 666 M
1 -1 scale
(2) t
GR
GS
797.7 666 M
1 -1 scale
(4) t
GR
GS
890.3 666 M
1 -1 scale
(6) t
GR
GS
982.9 666 M
1 -1 scale
(8) t
GR
GS
1070 666 M
1 -1 scale
(10) t
GR
/Helvetica 22 F
GS
118 365 M
1 -1 scale
90 R
(g\(x\)) t
GR
155 54 1 155 639 DL
1081 54 1 1081 639 DL
164.26 639 1 155 639 DL
1081 639 1 1071.74 639 DL
164.26 565.88 1 155 565.88 DL
1081 565.88 1 1071.74 565.88 DL
164.26 492.75 1 155 492.75 DL
1081 492.75 1 1071.74 492.75 DL
164.26 419.62 1 155 419.62 DL
1081 419.62 1 1071.74 419.62 DL
164.26 346.5 1 155 346.5 DL
1081 346.5 1 1071.74 346.5 DL
164.26 273.38 1 155 273.38 DL
1081 273.38 1 1071.74 273.38 DL
164.26 200.25 1 155 200.25 DL
1081 200.25 1 1071.74 200.25 DL
164.26 127.12 1 155 127.12 DL
1081 127.12 1 1071.74 127.12 DL
164.26 54 1 155 54 DL
1081 54 1 1071.74 54 DL
/Helvetica 20 F
GS
129 646 M
1 -1 scale
(-8) t
GR
GS
129 572.88 M
1 -1 scale
(-6) t
GR
GS
129 499.75 M
1 -1 scale
(-4) t
GR
GS
129 426.62 M
1 -1 scale
(-2) t
GR
GS
136 353.5 M
1 -1 scale
(0) t
GR
GS
136 280.38 M
1 -1 scale
(2) t
GR
GS
136 207.25 M
1 -1 scale
(4) t
GR
GS
136 134.12 M
1 -1 scale
(6) t
GR
GS
136 61 M
1 -1 scale
(8) t
GR
/Helvetica-Bold 22 F
GS
562 46.25 M
1 -1 scale
(Plot of g\(x\)) t
GR
1.00 2 0 [] 0 0.07 0.44 0.75 LAR
0.463 74.928 0.463 32.94 0.463 19.489 0.463 13.202 0.463 9.674 0.463 7.464 0.463 5.973 0.463 4.912 0.463 4.125 0.463 3.524 0.463 3.052 0.463 2.674 0.463 2.365 0.463 2.11 0.463 1.895 0.463 1.714 0.463 1.558 
0.463 1.423 0.463 1.306 0.463 1.204 0.463 1.113 0.463 1.033 0.463 0.961 0.463 0.897 0.463 0.839 0.463 0.786 0.463 0.739 0.463 0.696 0.463 0.656 0.463 0.62 0.463 0.587 0.463 0.557 0.463 0.529 0.463 0.503 
0.463 0.478 0.463 0.456 0.463 0.435 0.463 0.416 0.463 0.397 0.463 0.38 0.463 0.364 0.463 0.349 0.463 0.335 0.463 0.322 0.463 0.31 0.463 0.298 0.463 0.287 0.463 0.276 0.463 0.266 0.463 0.257 0.463 0.248 
0.463 0.24 0.463 0.232 0.463 0.224 0.463 0.217 0.463 0.21 0.463 0.203 0.463 0.197 0.463 0.191 0.463 0.185 0.463 0.179 0.463 0.174 0.463 0.169 0.463 0.164 0.463 0.159 0.463 0.155 0.463 0.151 0.463 0.147 
0.463 0.143 0.463 0.139 0.463 0.135 0.463 0.132 0.463 0.128 0.463 0.125 0.463 0.122 0.463 0.119 0.463 0.116 0.463 0.113 0.463 0.11 0.463 0.108 0.463 0.105 0.463 0.103 0.463 0.1 0.463 0.098 0.463 0.096 
0.463 0.094 0.463 0.092 0.463 0.09 0.463 0.088 0.463 0.086 0.463 0.084 0.463 0.082 0.463 0.08 0.463 0.079 0.463 0.077 0.463 0.076 0.463 0.074 0.463 0.073 0.463 0.071 0.463 0.07 0.463 0.068 0.463 0.067 
0.463 0.066 0.463 0.064 0.463 0.063 0.463 0.062 0.463 0.061 0.463 0.06 0.463 0.059 0.463 0.058 0.463 0.056 0.463 0.055 0.463 0.054 0.463 0.053 0.463 0.053 0.463 0.052 0.463 0.051 0.463 0.05 0.463 0.049 
0.463 0.048 0.463 0.047 0.463 0.047 0.463 0.046 0.463 0.045 0.463 0.044 0.463 0.044 0.463 0.043 0.463 0.042 0.463 0.041 0.463 0.041 0.463 0.04 0.463 0.04 0.463 0.039 0.463 0.038 0.463 0.038 0.463 0.037 
0.463 0.037 0.463 0.036 0.463 0.035 0.463 0.035 0.463 0.034 0.463 0.034 0.463 0.033 0.463 0.033 0.463 0.032 0.463 0.032 0.463 0.032 0.463 0.031 0.463 0.031 0.463 0.03 0.463 0.03 0.463 0.029 0.463 0.029 
0.463 0.029 0.463 0.028 0.463 0.028 0.463 0.027 0.463 0.027 0.463 0.027 0.463 0.026 0.463 0.026 0.463 0.026 0.463 0.025 0.463 0.025 0.463 0.025 0.463 0.024 0.463 0.024 0.463 0.024 0.463 0.023 0.463 0.023 
0.463 0.023 0.463 0.022 0.463 0.022 0.463 0.022 0.463 0.022 0.463 0.021 0.463 0.021 0.463 0.021 0.463 0.021 0.463 0.02 0.463 0.02 0.463 0.02 0.463 0.02 0.463 0.019 0.463 0.019 0.463 0.019 0.463 0.019 
0.463 0.018 0.463 0.018 0.463 0.018 0.463 0.018 0.463 0.018 0.463 0.017 0.463 0.017 0.463 0.017 0.463 0.017 0.463 0.017 0.463 0.016 0.463 0.016 0.463 0.016 0.463 0.016 0.463 0.016 0.463 0.016 0.463 0.015 
0.463 0.015 0.463 0.015 0.463 0.015 0.463 0.015 0.463 0.015 0.463 0.014 0.463 0.014 0.463 0.014 0.463 0.014 0.463 0.014 0.463 0.014 0.463 0.013 0.463 0.013 0.463 0.013 0.463 0.013 0.463 0.013 0.463 0.013 
0.463 0.013 0.463 0.013 0.463 0.012 0.463 0.012 0.463 0.012 0.463 0.012 0.463 0.012 0.463 0.012 0.463 0.012 0.463 0.012 0.463 0.011 0.463 0.011 0.463 0.011 0.463 0.011 0.463 0.011 0.463 0.011 0.463 0.011 
0.463 0.011 0.463 0.011 0.463 0.01 0.463 0.01 0.463 0.01 0.463 0.01 0.463 0.01 0.463 0.01 0.463 0.01 0.463 0.01 0.463 0.01 0.463 0.01 0.463 0.01 0.463 0.009 0.463 0.009 0.463 0.009 0.463 0.009 0.463 0.009 
0.463 0.009 0.463 0.009 0.463 0.009 0.463 0.009 0.463 0.009 0.463 0.009 0.463 0.009 0.463 0.009 0.463 0.008 0.463 0.008 0.463 0.008 0.463 0.008 0.463 0.008 0.463 0.008 0.463 0.008 0.463 0.008 0.463 0.008 
0.463 0.008 0.463 0.008 0.463 0.008 0.463 0.008 0.463 0.008 0.463 0.007 0.463 0.007 0.463 0.007 0.463 0.007 0.463 0.007 0.463 0.007 0.463 0.007 0.463 0.007 0.463 0.007 0.463 0.007 0.463 0.007 0.463 0.007 
0.463 0.007 0.463 0.007 0.463 0.007 0.463 0.007 0.463 0.007 0.463 0.006 0.463 0.006 0.463 0.006 0.463 0.006 0.463 0.006 0.463 0.006 0.463 0.006 0.463 0.006 0.463 0.006 0.463 0.006 0.463 0.006 0.463 0.006 
0.463 0.006 0.463 0.006 0.463 0.006 0.463 0.006 0.463 0.006 0.463 0.006 0.463 0.006 0.463 0.006 0.463 0.006 0.463 0.005 0.463 0.005 0.463 0.005 0.463 0.005 0.463 0.005 0.463 0.005 0.463 0.005 0.463 0.005 
0.463 0.005 0.463 0.005 0.463 0.005 0.463 0.005 0.463 0.005 0.463 0.005 0.463 0.005 0.463 0.005 0.463 0.005 0.463 0.005 0.463 0.005 0.463 0.005 0.463 0.005 0.463 0.005 0.463 0.005 0.463 0.005 0.463 0.005 
0.463 0.005 0.463 0.005 0.463 0.004 0.463 0.004 0.463 0.004 0.463 0.004 0.463 0.004 0.463 0.004 0.463 0.004 0.463 0.004 0.463 0.004 0.463 0.004 0.463 0.004 0.463 0.004 0.463 0.004 0.463 0.004 0.463 0.004 
0.463 0.004 0.463 0.004 0.463 0.004 0.463 0.004 0.463 0.004 0.463 0.004 0.463 0.004 0.463 0.004 0.463 0.004 0.463 0.004 0.463 0.004 0.463 0.004 0.463 0.004 0.463 0.004 0.463 0.004 0.463 0.004 0.463 0.004 
0.463 0.004 0.463 0.004 0.463 0.004 0.463 0.004 0.463 0.004 0.463 0.004 0.463 0.003 0.463 0.003 0.463 0.003 0.463 0.003 0.463 0.003 0.463 0.003 0.463 0.003 0.463 0.003 0.463 0.003 0.463 0.003 0.463 0.003 
0.463 0.003 0.463 0.003 0.463 0.003 0.463 0.003 0.463 0.003 0.463 0.003 0.463 0.003 0.463 0.003 0.463 0.003 0.463 0.003 0.463 0.003 0.463 0.003 0.463 0.003 0.463 0.003 0.463 0.003 0.463 0.003 0.463 0.003 
0.463 0.003 0.463 0.003 0.463 0.003 0.463 0.003 0.463 0.003 0.463 0.003 0.463 0.003 0.463 0.003 0.463 0.003 0.463 0.003 0.463 0.003 0.463 0.003 0.463 0.003 0.463 0.003 0.463 0.003 0.463 0.003 0.463 0.003 
0.463 0.003 0.463 0.003 0.463 0.003 0.463 0.003 0.463 0.003 0.463 0.003 0.463 0.003 0.463 0.003 0.463 0.003 0.463 0.003 0.463 0.003 0.463 0.002 0.463 0.002 0.463 0.002 0.463 0.002 0.463 0.002 0.463 0.002 
0.463 0.002 0.463 0.002 0.463 0.002 0.463 0.002 0.463 0.002 0.463 0.002 0.463 0.002 0.463 0.002 0.463 0.002 0.463 0.002 0.463 0.002 0.463 0.002 0.463 0.002 0.463 0.002 0.463 0.002 0.463 0.002 0.463 0.002 
0.463 0.002 0.463 0.002 0.463 0.002 0.463 0.002 0.463 0.002 0.463 0.002 0.463 0.002 0.463 0.002 0.463 0.002 0.463 0.002 0.463 0.002 0.463 0.002 0.463 0.002 0.463 0.002 0.463 0.002 0.463 0.002 0.463 0.002 
0.463 0.002 0.463 0.002 0.463 0.002 0.463 0.002 0.463 0.002 0.463 0.002 0.463 0.002 0.463 0.002 0.463 0.002 0.463 0.002 0.463 0.002 0.463 0.002 0.463 0.002 0.463 0.002 0.463 0.002 0.463 0.002 0.463 0.002 
0.463 0.002 0.463 0.002 0.463 0.002 0.463 0.002 0.463 0.002 0.463 0.002 0.463 0.002 0.463 0.002 0.463 0.002 0.463 0.002 0.463 0.002 0.463 0.002 0.463 0.002 0.463 0.002 0.463 0.002 0.463 0.002 0.463 0.002 
0.463 0.002 0.463 0.002 0.463 0.002 0.463 0.002 0.463 0.002 0.463 0.002 0.463 0.002 0.463 0.002 0.463 0.002 0.463 0.002 0.463 0.002 0.463 0.002 0.463 0.002 0.463 0.002 0.463 0.002 0.463 0.002 0.463 0.002 
0.463 0.002 0.463 0.001 0.463 0.002 0.463 0.001 0.463 0.001 0.463 0.001 0.463 0.001 0.463 0.001 0.463 0.001 0.463 0.001 0.463 0.001 0.463 0.001 0.463 0.001 0.463 0.001 0.463 0.001 0.463 0.001 0.463 0.001 
0.463 0.001 0.463 0.001 0.463 0.001 0.463 0.001 0.463 0.001 0.463 0.001 0.463 0.001 0.463 0.001 0.463 0.001 0.463 0.001 0.463 0.001 0.463 0.001 0.463 0.001 0.463 0.001 0.463 0.001 0.463 0.001 0.463 0.001 
0.463 0.001 0.463 0.001 0.463 0.001 0.463 0.001 0.463 0.001 0.463 0.001 0.463 0.001 0.463 0.001 0.463 0.001 0.463 0.001 0.463 0.001 0.463 0.001 0.463 0.001 0.463 0.001 0.463 0.001 0.463 0.001 0.463 0.001 
0.463 0.001 0.463 0.001 0.463 0.001 0.463 0.001 0.463 0.001 0.463 0.001 0.463 0.001 0.463 0.001 0.463 0.001 0.463 0.001 0.463 0.001 0.463 0.001 0.463 0.001 0.463 0.001 0.463 0.001 0.463 0.001 0.463 0.001 
0.463 0.001 0.463 0.001 0.463 0.001 0.463 0.001 0.463 0.001 0.463 0.001 0.463 0.001 0.463 0.001 0.463 0.001 0.463 0.001 0.463 0.001 0.463 0.001 0.463 0.001 0.463 0.001 0.463 0.001 0.463 0.001 0.463 0.001 
0.463 0.001 0.463 0.001 0.463 0.001 0.463 0.001 0.463 0.001 0.463 0.001 0.463 0.001 0.463 0.001 0.463 0.001 0.463 0.001 0.463 0.001 0.463 0.001 0.463 0.001 0.463 0.001 0.463 0.001 0.463 0.001 0.463 0.001 
0.463 0.001 0.463 0.001 0.463 0.001 0.463 0.001 0.463 0.001 0.463 0.001 0.463 0.001 0.463 0.001 0.463 0.001 0.463 0.001 0.463 0.001 0.463 0.001 0.463 0.001 0.463 0.001 0.463 0.001 0.463 0.001 0.463 0.001 
0.463 0.001 0.463 0.001 0.463 0.001 0.463 0.001 0.463 0.001 0.463 0.001 0.463 0.001 0.463 0.001 0.463 0.001 0.463 0.001 0.463 0.001 0.463 0.001 0.463 0.001 0.463 0.001 0.463 0.001 0.463 0.001 0.463 0.001 
0.463 0.001 0.463 0.001 0.463 0.001 0.463 0.001 0.463 0.001 0.463 0.001 0.463 0.001 0.463 0.001 0.463 0.001 0.463 0.001 0.463 0.001 0.463 0.001 0.463 0.001 0.463 0.001 0.463 0.001 0.463 0.001 0.463 0.001 
0.463 0.001 0.463 0.001 0.463 0.001 0.463 0.001 0.463 0.001 0.463 0.001 0.463 0.001 0.463 0.001 0.463 0.001 0.463 0.001 0.463 0.001 0.463 0.001 0.463 0.001 0.463 0.001 0.463 0.001 0.463 0.001 0.463 0.001 
0.463 0.001 0.463 0.001 0.463 0.001 0.463 0.001 0.463 0.001 0.463 0.001 0.463 0.001 0.463 0.001 0.463 0.001 0.463 0.001 0.463 0.001 0.463 0.001 0.463 0.001 0.463 0.001 0.463 0.001 0.463 0.001 0.463 0.001 
0.463 0.001 0.463 0.001 0.463 0.001 0.463 0.001 0.463 0.001 0.463 0.001 0.463 0.001 0.463 0.001 0.463 0.001 0.463 0.001 0.463 0.001 0.463 0.001 0.463 0.001 0.463 0.001 0.463 0.001 0.463 0.001 0.463 0.001 
0.463 0.001 0.463 0.001 0.463 0.001 0.463 0.001 0.463 0.001 0.463 0.001 0.463 0.001 0.463 0.001 0.463 0.001 0.463 0.001 0.463 0.001 0.463 0.001 0.463 0.001 0.463 0.001 0.463 0.001 0.463 0.001 0.463 0.001 
0.463 0.001 0.463 0.001 0.463 0.001 0.463 0.001 0.463 0.001 0.463 0.001 0.463 0.001 0.463 0.001 0.463 0.001 0.463 0.001 0.463 0.001 0.463 0.001 0.463 0.001 0.463 0.001 0.463 0.001 0.463 0.001 0.463 0.001 
0.463 0.001 0.463 0.001 0.463 0.001 0.463 0.001 0.463 0.001 0.463 0.001 0.463 0.001 0.463 0.001 0.463 0.001 0.463 0.001 0.463 0.001 0.463 0.001 0.463 0.001 0.463 0.001 0.463 0.001 0.463 0.001 0.463 0.001 
0.463 0.001 0.463 0.001 0.463 0.001 0.463 0.001 0.463 0.001 0.463 0.001 0.463 0.001 0.463 0.001 0.463 0.001 0.463 0.001 0.463 0.001 0.463 0.001 0.463 0.001 0.463 0.001 0.463 0.001 0.463 0 0.463 0.001 
0.463 0.001 0.463 0 0.463 0.001 0.463 0 0.463 0.001 0.463 0 0.463 0 0.463 0.001 0.463 0 0.463 0 0.463 0 0.463 0 0.463 0 0.463 0 0.463 0 0.463 0 0.463 0 0.463 0 0.463 0 0.463 0 0.463 0 0.463 0 0.463 0 
0.463 0 0.463 0 0.463 0 0.463 0 0.463 0 0.463 0 0.463 0 0.463 0 0.463 0 0.463 0 0.463 0 0.463 0 0.463 0 0.463 0 0.463 0 0.463 0 0.463 0 0.463 0 0.463 0 0.463 0 0.463 0 0.463 0 0.463 0 0.463 0 0.463 0 
0.463 0 0.463 0 0.463 0 0.463 0 0.463 0 0.463 0 0.463 0 0.463 0 0.463 0 0.463 0 0.463 0 0.463 0 0.463 0 0.463 0 0.463 0 0.463 0 0.463 0 0.463 0 0.463 0 0.463 0 0.463 0 0.463 0 0.463 0 0.463 0 0.463 0 
0.463 0 0.463 0 0.463 0 0.463 0 0.463 0 0.463 0 0.463 0 0.463 0 0.463 0 0.463 0 0.463 0 0.463 0 0.463 0 0.463 0 0.463 0 0.463 0 0.463 0 0.463 0 0.463 0 0.463 0 0.463 0 0.463 0 0.463 0 0.463 0 0.463 0 
0.463 0 899 155 383.25 DRL
0.463 0 0.463 0 0.463 0 0.463 0 0.463 0 0.463 0 0.463 0 0.463 0 0.463 0 0.463 0 0.463 0 0.463 0 0.463 0 0.463 0 0.463 0 0.463 0 0.463 0 0.463 0 0.463 0 0.463 0 0.463 0 0.463 0 0.463 0 0.463 0 0.463 0 
0.463 0 0.463 0 0.463 0 0.463 0 0.463 0 0.463 0 0.463 0 0.463 0 0.463 0 0.463 0 0.463 0 0.463 0 0.463 0 0.463 0 0.463 0 0.463 0 0.463 0 0.463 0 0.463 0 0.463 0 0.463 0 0.463 0 0.463 0 0.463 0 0.463 0 
0.463 0 0.463 0 0.463 0 0.463 0 0.463 0 0.463 0 0.463 0 0.463 0 0.463 0 0.463 0 0.463 0 0.463 0 0.463 0 0.463 0 0.463 0 0.463 0 0.463 0 0.463 0 0.463 0 0.463 0 0.463 0 0.463 0 0.463 0 0.463 0 0.463 0 
0.463 0 0.463 0 0.463 0 0.463 0 0.463 0 0.463 0 0.463 0 0.463 0 0.463 0 0.463 0 0.463 0 0.463 0 0.463 0 0.463 0 0.463 0 0.463 0 0.463 0.001 0.463 0 0.463 0 0.463 0.001 0.463 0 0.463 0.001 0.463 0 0.463 0.001 
0.463 0.001 0.463 0 0.463 0.001 0.463 0.001 0.463 0.001 0.463 0.001 0.463 0.001 0.463 0.001 0.463 0.001 0.463 0.001 0.463 0.001 0.463 0.001 0.463 0.001 0.463 0.001 0.463 0.001 0.463 0.001 0.463 0.001 
0.463 0.001 0.463 0.001 0.463 0.001 0.463 0.001 0.463 0.001 0.463 0.001 0.463 0.001 0.463 0.001 0.463 0.001 0.463 0.001 0.463 0.001 0.463 0.001 0.463 0.001 0.463 0.001 0.463 0.001 0.463 0.001 0.463 0.001 
0.463 0.001 0.463 0.001 0.463 0.001 0.463 0.001 0.463 0.001 0.463 0.001 0.463 0.001 0.463 0.001 0.463 0.001 0.463 0.001 0.463 0.001 0.463 0.001 0.463 0.001 0.463 0.001 0.463 0.001 0.463 0.001 0.463 0.001 
0.463 0.001 0.463 0.001 0.463 0.001 0.463 0.001 0.463 0.001 0.463 0.001 0.463 0.001 0.463 0.001 0.463 0.001 0.463 0.001 0.463 0.001 0.463 0.001 0.463 0.001 0.463 0.001 0.463 0.001 0.463 0.001 0.463 0.001 
0.463 0.001 0.463 0.001 0.463 0.001 0.463 0.001 0.463 0.001 0.463 0.001 0.463 0.001 0.463 0.001 0.463 0.001 0.463 0.001 0.463 0.001 0.463 0.001 0.463 0.001 0.463 0.001 0.463 0.001 0.463 0.001 0.463 0.001 
0.463 0.001 0.463 0.001 0.463 0.001 0.463 0.001 0.463 0.001 0.463 0.001 0.463 0.001 0.463 0.001 0.463 0.001 0.463 0.001 0.463 0.001 0.463 0.001 0.463 0.001 0.463 0.001 0.463 0.001 0.463 0.001 0.463 0.001 
0.463 0.001 0.463 0.001 0.463 0.001 0.463 0.001 0.463 0.001 0.463 0.001 0.463 0.001 0.463 0.001 0.463 0.001 0.463 0.001 0.463 0.001 0.463 0.001 0.463 0.001 0.463 0.001 0.463 0.001 0.463 0.001 0.463 0.001 
0.463 0.001 0.463 0.001 0.463 0.001 0.463 0.001 0.463 0.001 0.463 0.001 0.463 0.001 0.463 0.001 0.463 0.001 0.463 0.001 0.463 0.001 0.463 0.001 0.463 0.001 0.463 0.001 0.463 0.001 0.463 0.001 0.463 0.001 
0.463 0.001 0.463 0.001 0.463 0.001 0.463 0.001 0.463 0.001 0.463 0.001 0.463 0.001 0.463 0.001 0.463 0.001 0.463 0.001 0.463 0.001 0.463 0.001 0.463 0.001 0.463 0.001 0.463 0.001 0.463 0.001 0.463 0.001 
0.463 0.001 0.463 0.001 0.463 0.001 0.463 0.001 0.463 0.001 0.463 0.001 0.463 0.001 0.463 0.001 0.463 0.001 0.463 0.001 0.463 0.001 0.463 0.001 0.463 0.001 0.463 0.001 0.463 0.001 0.463 0.001 0.463 0.001 
0.463 0.001 0.463 0.001 0.463 0.001 0.463 0.001 0.463 0.001 0.463 0.001 0.463 0.001 0.463 0.001 0.463 0.001 0.463 0.001 0.463 0.001 0.463 0.001 0.463 0.001 0.463 0.001 0.463 0.001 0.463 0.001 0.463 0.001 
0.463 0.001 0.463 0.001 0.463 0.001 0.463 0.001 0.463 0.001 0.463 0.001 0.463 0.001 0.463 0.001 0.463 0.001 0.463 0.001 0.463 0.001 0.463 0.001 0.463 0.001 0.463 0.001 0.463 0.001 0.463 0.001 0.463 0.001 
0.463 0.001 0.463 0.001 0.463 0.001 0.463 0.001 0.463 0.001 0.463 0.001 0.463 0.001 0.463 0.001 0.463 0.001 0.463 0.001 0.463 0.001 0.463 0.001 0.463 0.001 0.463 0.001 0.463 0.001 0.463 0.001 0.463 0.001 
0.463 0.001 0.463 0.001 0.463 0.001 0.463 0.001 0.463 0.001 0.463 0.001 0.463 0.001 0.463 0.001 0.463 0.001 0.463 0.001 0.463 0.001 0.463 0.001 0.463 0.001 0.463 0.001 0.463 0.001 0.463 0.001 0.463 0.001 
0.463 0.001 0.463 0.001 0.463 0.001 0.463 0.001 0.463 0.001 0.463 0.001 0.463 0.001 0.463 0.001 0.463 0.001 0.463 0.001 0.463 0.001 0.463 0.001 0.463 0.001 0.463 0.001 0.463 0.001 0.463 0.001 0.463 0.001 
0.463 0.001 0.463 0.001 0.463 0.001 0.463 0.001 0.463 0.001 0.463 0.001 0.463 0.001 0.463 0.001 0.463 0.001 0.463 0.001 0.463 0.001 0.463 0.001 0.463 0.001 0.463 0.001 0.463 0.002 0.463 0.001 0.463 0.002 
0.463 0.002 0.463 0.002 0.463 0.002 0.463 0.002 0.463 0.002 0.463 0.002 0.463 0.002 0.463 0.002 0.463 0.002 0.463 0.002 0.463 0.002 0.463 0.002 0.463 0.002 0.463 0.002 0.463 0.002 0.463 0.002 0.463 0.002 
0.463 0.002 0.463 0.002 0.463 0.002 0.463 0.002 0.463 0.002 0.463 0.002 0.463 0.002 0.463 0.002 0.463 0.002 0.463 0.002 0.463 0.002 0.463 0.002 0.463 0.002 0.463 0.002 0.463 0.002 0.463 0.002 0.463 0.002 
0.463 0.002 0.463 0.002 0.463 0.002 0.463 0.002 0.463 0.002 0.463 0.002 0.463 0.002 0.463 0.002 0.463 0.002 0.463 0.002 0.463 0.002 0.463 0.002 0.463 0.002 0.463 0.002 0.463 0.002 0.463 0.002 0.463 0.002 
0.463 0.002 0.463 0.002 0.463 0.002 0.463 0.002 0.463 0.002 0.463 0.002 0.463 0.002 0.463 0.002 0.463 0.002 0.463 0.002 0.463 0.002 0.463 0.002 0.463 0.002 0.463 0.002 0.463 0.002 0.463 0.002 0.463 0.002 
0.463 0.002 0.463 0.002 0.463 0.002 0.463 0.002 0.463 0.002 0.463 0.002 0.463 0.002 0.463 0.002 0.463 0.002 0.463 0.002 0.463 0.002 0.463 0.002 0.463 0.002 0.463 0.002 0.463 0.002 0.463 0.002 0.463 0.002 
0.463 0.002 0.463 0.002 0.463 0.002 0.463 0.002 0.463 0.002 0.463 0.002 0.463 0.003 0.463 0.003 0.463 0.003 0.463 0.003 0.463 0.003 0.463 0.003 0.463 0.003 0.463 0.003 0.463 0.003 0.463 0.003 0.463 0.003 
0.463 0.003 0.463 0.003 0.463 0.003 0.463 0.003 0.463 0.003 0.463 0.003 0.463 0.003 0.463 0.003 0.463 0.003 0.463 0.003 0.463 0.003 0.463 0.003 0.463 0.003 0.463 0.003 0.463 0.003 0.463 0.003 0.463 0.003 
0.463 0.003 0.463 0.003 0.463 0.003 0.463 0.003 0.463 0.003 0.463 0.003 0.463 0.003 0.463 0.003 0.463 0.003 0.463 0.003 0.463 0.003 0.463 0.003 0.463 0.003 0.463 0.003 0.463 0.003 0.463 0.003 0.463 0.003 
0.463 0.003 0.463 0.003 0.463 0.003 0.463 0.003 0.463 0.003 0.463 0.003 0.463 0.003 0.463 0.003 0.463 0.003 0.463 0.003 0.463 0.003 0.463 0.004 0.463 0.004 0.463 0.004 0.463 0.004 0.463 0.004 0.463 0.004 
0.463 0.004 0.463 0.004 0.463 0.004 0.463 0.004 0.463 0.004 0.463 0.004 0.463 0.004 0.463 0.004 0.463 0.004 0.463 0.004 0.463 0.004 0.463 0.004 0.463 0.004 0.463 0.004 0.463 0.004 0.463 0.004 0.463 0.004 
0.463 0.004 0.463 0.004 0.463 0.004 0.463 0.004 0.463 0.004 0.463 0.004 0.463 0.004 0.463 0.004 0.463 0.004 0.463 0.004 0.463 0.004 0.463 0.004 0.463 0.004 0.463 0.004 0.463 0.004 0.463 0.005 0.463 0.005 
0.463 0.005 0.463 0.005 0.463 0.005 0.463 0.005 0.463 0.005 0.463 0.005 0.463 0.005 0.463 0.005 0.463 0.005 0.463 0.005 0.463 0.005 0.463 0.005 0.463 0.005 0.463 0.005 0.463 0.005 0.463 0.005 0.463 0.005 
0.463 0.005 0.463 0.005 0.463 0.005 0.463 0.005 0.463 0.005 0.463 0.005 0.463 0.005 0.463 0.005 0.463 0.006 0.463 0.006 0.463 0.006 0.463 0.006 0.463 0.006 0.463 0.006 0.463 0.006 0.463 0.006 0.463 0.006 
0.463 0.006 0.463 0.006 0.463 0.006 0.463 0.006 0.463 0.006 0.463 0.006 0.463 0.006 0.463 0.006 0.463 0.006 0.463 0.006 0.463 0.006 0.463 0.006 0.463 0.007 0.463 0.007 0.463 0.007 0.463 0.007 0.463 0.007 
0.463 0.007 0.463 0.007 0.463 0.007 0.463 0.007 0.463 0.007 0.463 0.007 0.463 0.007 0.463 0.007 0.463 0.007 0.463 0.007 0.463 0.007 0.463 0.007 0.463 0.008 0.463 0.008 0.463 0.008 0.463 0.008 0.463 0.008 
0.463 0.008 0.463 0.008 0.463 0.008 0.463 0.008 0.463 0.008 0.463 0.008 0.463 0.008 0.463 0.008 0.463 0.008 0.463 0.009 0.463 0.009 0.463 0.009 0.463 0.009 0.463 0.009 0.463 0.009 0.463 0.009 0.463 0.009 
0.463 0.009 0.463 0.009 0.463 0.009 0.463 0.009 0.463 0.009 0.463 0.01 0.463 0.01 0.463 0.01 0.463 0.01 0.463 0.01 0.463 0.01 0.463 0.01 0.463 0.01 0.463 0.01 0.463 0.01 0.463 0.01 0.463 0.011 0.463 0.011 
0.463 0.011 0.463 0.011 0.463 0.011 0.463 0.011 0.463 0.011 0.463 0.011 0.463 0.011 0.463 0.012 0.463 0.012 0.463 0.012 0.463 0.012 0.463 0.012 0.463 0.012 0.463 0.012 0.463 0.012 0.463 0.013 0.463 0.013 
0.463 0.013 0.463 0.013 0.463 0.013 0.463 0.013 0.463 0.013 0.463 0.013 0.463 0.014 0.463 0.014 0.463 0.014 0.463 0.014 0.463 0.014 0.463 0.014 0.463 0.015 0.463 0.015 0.463 0.015 0.463 0.015 0.463 0.015 
0.463 0.015 0.463 0.016 0.463 0.016 0.463 0.016 0.463 0.016 0.463 0.016 0.463 0.016 0.463 0.017 0.463 0.017 0.463 0.017 0.463 0.017 0.463 0.017 0.463 0.018 0.463 0.018 0.463 0.018 0.463 0.018 0.463 0.018 
0.463 0.019 0.463 0.019 0.463 0.019 0.463 0.019 0.463 0.02 0.463 0.02 0.463 0.02 0.463 0.02 0.463 0.021 0.463 0.021 0.463 0.021 0.463 0.021 0.463 0.022 0.463 0.022 0.463 0.022 0.463 0.022 0.463 0.023 
0.463 0.023 0.463 0.023 0.463 0.024 0.463 0.024 0.463 0.024 0.463 0.025 0.463 0.025 0.463 0.025 0.463 0.026 0.463 0.026 0.463 0.026 0.463 0.027 0.463 0.027 0.463 0.027 0.463 0.028 0.463 0.028 0.463 0.029 
0.463 0.029 0.463 0.029 0.463 0.03 0.463 0.03 0.463 0.031 0.463 0.031 0.463 0.032 0.463 0.032 0.463 0.032 0.463 0.033 0.463 0.033 0.463 0.034 0.463 0.034 0.463 0.035 0.463 0.035 0.463 0.036 0.463 0.037 
0.463 0.037 0.463 0.038 0.463 0.038 0.463 0.039 0.463 0.04 0.463 0.04 0.463 0.041 0.463 0.041 0.463 0.042 0.463 0.043 0.463 0.044 0.463 0.044 0.463 0.045 0.463 0.046 0.463 0.047 0.463 0.047 0.463 0.048 
0.463 0.049 0.463 0.05 0.463 0.051 0.463 0.052 0.463 0.053 0.463 0.053 0.463 0.054 0.463 0.055 0.463 0.056 0.463 0.058 0.463 0.059 0.463 0.06 0.463 0.061 0.463 0.062 0.463 0.063 0.463 0.064 0.463 0.066 
0.463 0.067 0.463 0.068 0.463 0.07 0.463 0.071 0.463 0.073 0.463 0.074 0.463 0.076 0.463 0.077 0.463 0.079 0.463 0.08 0.463 0.082 0.463 0.084 0.463 0.086 0.463 0.088 0.463 0.09 0.463 0.092 0.463 0.094 
0.463 0.096 0.463 0.098 0.463 0.1 0.463 0.103 0.463 0.105 0.463 0.108 0.463 0.11 0.463 0.113 0.463 0.116 0.463 0.119 0.463 0.122 0.463 0.125 0.463 0.128 0.463 0.132 0.463 0.135 0.463 0.139 0.463 0.143 
0.463 0.147 0.463 0.151 0.463 0.155 0.463 0.159 0.463 0.164 0.463 0.169 0.463 0.174 0.463 0.179 0.463 0.185 0.463 0.191 0.463 0.197 0.463 0.203 0.463 0.21 0.463 0.217 0.463 0.224 0.463 0.232 0.463 0.24 
0.463 0.248 0.463 0.257 0.463 0.266 0.463 0.276 0.463 0.287 0.463 0.298 0.463 0.31 0.463 0.322 0.463 0.335 0.463 0.349 0.463 0.364 0.463 0.38 0.463 0.397 0.463 0.416 0.463 0.435 0.463 0.456 0.463 0.478 
0.463 0.503 0.463 0.529 0.463 0.557 0.463 0.587 0.463 0.62 0.463 0.656 0.463 0.696 0.463 0.739 0.463 0.786 0.463 0.839 0.463 0.897 0.463 0.961 0.463 1.033 0.463 1.113 0.463 1.204 0.463 1.306 0.463 1.423 
0.463 1.558 0.463 1.714 0.463 1.895 0.463 2.11 0.463 2.365 0.463 2.674 0.463 3.052 0.463 3.524 0.463 4.125 0.463 4.912 0.463 5.973 0.463 7.464 0.463 9.674 0.463 13.202 0.463 19.489 0.463 32.94 0.463 74.928 
899 664.76 86.03 DRL
%%Trailer
%%Pages: 1
%%EOF
